Wiimote Emulator:  
[(102, 77), (102, 691), (922, 77), (922, 691)]
checksum failed
[(102, 77), (102, 691), (922, 77), (922, 691)]
((532, 532, 532), (640, 640, 640))

Dolphin:
(127,93) - (896,674)
512/616

Wiimote 1:
[(146, 96), (918, 101), (915, 685), (141, 677)] center: 530.0,389.8
(510, 510, 502)
(612, 614, 600)

Wiimote 2:
[(150, 117), (929, 131), (924, 721), (137, 701)] center: 535.0,417.5
(502, 506, 509)
(606, 609, 612)

Wiimote 3 MotionPlus:
[(155, 84), (934, 106), (921, 693), (136, 672)] center: 536.5,388.8
(500, 499, 498)
(601, 600, 598)

